{
 "metadata": {
  "language_info": {
   "codemirror_mode": {
    "name": "ipython",
    "version": 3
   },
   "file_extension": ".py",
   "mimetype": "text/x-python",
   "name": "python",
   "nbconvert_exporter": "python",
   "pygments_lexer": "ipython3",
   "version": "3.8.5"
  },
  "orig_nbformat": 2,
  "kernelspec": {
   "name": "python385jvsc74a57bd02e62141147cb50b31c6edda7493b50a499f98f30ebdb886a0f5e12c088de927d",
   "display_name": "Python 3.8.5 64-bit"
  }
 },
 "nbformat": 4,
 "nbformat_minor": 2,
 "cells": [
  {
   "cell_type": "code",
   "execution_count": 1,
   "metadata": {},
   "outputs": [
    {
     "output_type": "execute_result",
     "data": {
      "text/plain": [
       "       #                   Name   Type 1  Type 2  HP  Attack  Defense  \\\n",
       "0      1              Bulbasaur    Grass  Poison  45      49       49   \n",
       "1      2                Ivysaur    Grass  Poison  60      62       63   \n",
       "2      3               Venusaur    Grass  Poison  80      82       83   \n",
       "3      3  VenusaurMega Venusaur    Grass  Poison  80     100      123   \n",
       "4      4             Charmander     Fire     NaN  39      52       43   \n",
       "..   ...                    ...      ...     ...  ..     ...      ...   \n",
       "795  719                Diancie     Rock   Fairy  50     100      150   \n",
       "796  719    DiancieMega Diancie     Rock   Fairy  50     160      110   \n",
       "797  720    HoopaHoopa Confined  Psychic   Ghost  80     110       60   \n",
       "798  720     HoopaHoopa Unbound  Psychic    Dark  80     160       60   \n",
       "799  721              Volcanion     Fire   Water  80     110      120   \n",
       "\n",
       "     Sp. Atk  Sp. Def  Speed  Generation  Legendary  \n",
       "0         65       65     45           1      False  \n",
       "1         80       80     60           1      False  \n",
       "2        100      100     80           1      False  \n",
       "3        122      120     80           1      False  \n",
       "4         60       50     65           1      False  \n",
       "..       ...      ...    ...         ...        ...  \n",
       "795      100      150     50           6       True  \n",
       "796      160      110    110           6       True  \n",
       "797      150      130     70           6       True  \n",
       "798      170      130     80           6       True  \n",
       "799      130       90     70           6       True  \n",
       "\n",
       "[800 rows x 12 columns]"
      ],
      "text/html": "<div>\n<style scoped>\n    .dataframe tbody tr th:only-of-type {\n        vertical-align: middle;\n    }\n\n    .dataframe tbody tr th {\n        vertical-align: top;\n    }\n\n    .dataframe thead th {\n        text-align: right;\n    }\n</style>\n<table border=\"1\" class=\"dataframe\">\n  <thead>\n    <tr style=\"text-align: right;\">\n      <th></th>\n      <th>#</th>\n      <th>Name</th>\n      <th>Type 1</th>\n      <th>Type 2</th>\n      <th>HP</th>\n      <th>Attack</th>\n      <th>Defense</th>\n      <th>Sp. Atk</th>\n      <th>Sp. Def</th>\n      <th>Speed</th>\n      <th>Generation</th>\n      <th>Legendary</th>\n    </tr>\n  </thead>\n  <tbody>\n    <tr>\n      <th>0</th>\n      <td>1</td>\n      <td>Bulbasaur</td>\n      <td>Grass</td>\n      <td>Poison</td>\n      <td>45</td>\n      <td>49</td>\n      <td>49</td>\n      <td>65</td>\n      <td>65</td>\n      <td>45</td>\n      <td>1</td>\n      <td>False</td>\n    </tr>\n    <tr>\n      <th>1</th>\n      <td>2</td>\n      <td>Ivysaur</td>\n      <td>Grass</td>\n      <td>Poison</td>\n      <td>60</td>\n      <td>62</td>\n      <td>63</td>\n      <td>80</td>\n      <td>80</td>\n      <td>60</td>\n      <td>1</td>\n      <td>False</td>\n    </tr>\n    <tr>\n      <th>2</th>\n      <td>3</td>\n      <td>Venusaur</td>\n      <td>Grass</td>\n      <td>Poison</td>\n      <td>80</td>\n      <td>82</td>\n      <td>83</td>\n      <td>100</td>\n      <td>100</td>\n      <td>80</td>\n      <td>1</td>\n      <td>False</td>\n    </tr>\n    <tr>\n      <th>3</th>\n      <td>3</td>\n      <td>VenusaurMega Venusaur</td>\n      <td>Grass</td>\n      <td>Poison</td>\n      <td>80</td>\n      <td>100</td>\n      <td>123</td>\n      <td>122</td>\n      <td>120</td>\n      <td>80</td>\n      <td>1</td>\n      <td>False</td>\n    </tr>\n    <tr>\n      <th>4</th>\n      <td>4</td>\n      <td>Charmander</td>\n      <td>Fire</td>\n      <td>NaN</td>\n      <td>39</td>\n      <td>52</td>\n      <td>43</td>\n      <td>60</td>\n      <td>50</td>\n      <td>65</td>\n      <td>1</td>\n      <td>False</td>\n    </tr>\n    <tr>\n      <th>...</th>\n      <td>...</td>\n      <td>...</td>\n      <td>...</td>\n      <td>...</td>\n      <td>...</td>\n      <td>...</td>\n      <td>...</td>\n      <td>...</td>\n      <td>...</td>\n      <td>...</td>\n      <td>...</td>\n      <td>...</td>\n    </tr>\n    <tr>\n      <th>795</th>\n      <td>719</td>\n      <td>Diancie</td>\n      <td>Rock</td>\n      <td>Fairy</td>\n      <td>50</td>\n      <td>100</td>\n      <td>150</td>\n      <td>100</td>\n      <td>150</td>\n      <td>50</td>\n      <td>6</td>\n      <td>True</td>\n    </tr>\n    <tr>\n      <th>796</th>\n      <td>719</td>\n      <td>DiancieMega Diancie</td>\n      <td>Rock</td>\n      <td>Fairy</td>\n      <td>50</td>\n      <td>160</td>\n      <td>110</td>\n      <td>160</td>\n      <td>110</td>\n      <td>110</td>\n      <td>6</td>\n      <td>True</td>\n    </tr>\n    <tr>\n      <th>797</th>\n      <td>720</td>\n      <td>HoopaHoopa Confined</td>\n      <td>Psychic</td>\n      <td>Ghost</td>\n      <td>80</td>\n      <td>110</td>\n      <td>60</td>\n      <td>150</td>\n      <td>130</td>\n      <td>70</td>\n      <td>6</td>\n      <td>True</td>\n    </tr>\n    <tr>\n      <th>798</th>\n      <td>720</td>\n      <td>HoopaHoopa Unbound</td>\n      <td>Psychic</td>\n      <td>Dark</td>\n      <td>80</td>\n      <td>160</td>\n      <td>60</td>\n      <td>170</td>\n      <td>130</td>\n      <td>80</td>\n      <td>6</td>\n      <td>True</td>\n    </tr>\n    <tr>\n      <th>799</th>\n      <td>721</td>\n      <td>Volcanion</td>\n      <td>Fire</td>\n      <td>Water</td>\n      <td>80</td>\n      <td>110</td>\n      <td>120</td>\n      <td>130</td>\n      <td>90</td>\n      <td>70</td>\n      <td>6</td>\n      <td>True</td>\n    </tr>\n  </tbody>\n</table>\n<p>800 rows × 12 columns</p>\n</div>"
     },
     "metadata": {},
     "execution_count": 1
    }
   ],
   "source": [
    "import pandas as pd\n",
    "\n",
    "df = pd.read_csv('pokemon_data.csv')\n",
    "df"
   ]
  },
  {
   "cell_type": "code",
   "execution_count": 4,
   "metadata": {},
   "outputs": [
    {
     "output_type": "execute_result",
     "data": {
      "text/plain": [
       "                   #         HP      Attack     Defense    Sp. Atk    Sp. Def  \\\n",
       "Type 1                                                                          \n",
       "Bug       334.492754  56.884058   70.971014   70.724638  53.869565  64.797101   \n",
       "Dark      461.354839  66.806452   88.387097   70.225806  74.645161  69.516129   \n",
       "Dragon    474.375000  83.312500  112.125000   86.375000  96.843750  88.843750   \n",
       "Electric  363.500000  59.795455   69.090909   66.295455  90.022727  73.704545   \n",
       "Fairy     449.529412  74.117647   61.529412   65.705882  78.529412  84.705882   \n",
       "Fighting  363.851852  69.851852   96.777778   65.925926  53.111111  64.703704   \n",
       "Fire      327.403846  69.903846   84.769231   67.769231  88.980769  72.211538   \n",
       "Flying    677.750000  70.750000   78.750000   66.250000  94.250000  72.500000   \n",
       "Ghost     486.500000  64.437500   73.781250   81.187500  79.343750  76.468750   \n",
       "Grass     344.871429  67.271429   73.214286   70.800000  77.500000  70.428571   \n",
       "Ground    356.281250  73.781250   95.750000   84.843750  56.468750  62.750000   \n",
       "Ice       423.541667  72.000000   72.750000   71.416667  77.541667  76.291667   \n",
       "Normal    319.173469  77.275510   73.469388   59.846939  55.816327  63.724490   \n",
       "Poison    251.785714  67.250000   74.678571   68.821429  60.428571  64.392857   \n",
       "Psychic   380.807018  70.631579   71.456140   67.684211  98.403509  86.280702   \n",
       "Rock      392.727273  65.363636   92.863636  100.795455  63.340909  75.477273   \n",
       "Steel     442.851852  65.222222   92.703704  126.370370  67.518519  80.629630   \n",
       "Water     303.089286  72.062500   74.151786   72.946429  74.812500  70.517857   \n",
       "\n",
       "               Speed  Generation  Legendary  \n",
       "Type 1                                       \n",
       "Bug        61.681159    3.217391   0.000000  \n",
       "Dark       76.161290    4.032258   0.064516  \n",
       "Dragon     83.031250    3.875000   0.375000  \n",
       "Electric   84.500000    3.272727   0.090909  \n",
       "Fairy      48.588235    4.117647   0.058824  \n",
       "Fighting   66.074074    3.370370   0.000000  \n",
       "Fire       74.442308    3.211538   0.096154  \n",
       "Flying    102.500000    5.500000   0.500000  \n",
       "Ghost      64.343750    4.187500   0.062500  \n",
       "Grass      61.928571    3.357143   0.042857  \n",
       "Ground     63.906250    3.156250   0.125000  \n",
       "Ice        63.458333    3.541667   0.083333  \n",
       "Normal     71.551020    3.051020   0.020408  \n",
       "Poison     63.571429    2.535714   0.000000  \n",
       "Psychic    81.491228    3.385965   0.245614  \n",
       "Rock       55.909091    3.454545   0.090909  \n",
       "Steel      55.259259    3.851852   0.148148  \n",
       "Water      65.964286    2.857143   0.035714  "
      ],
      "text/html": "<div>\n<style scoped>\n    .dataframe tbody tr th:only-of-type {\n        vertical-align: middle;\n    }\n\n    .dataframe tbody tr th {\n        vertical-align: top;\n    }\n\n    .dataframe thead th {\n        text-align: right;\n    }\n</style>\n<table border=\"1\" class=\"dataframe\">\n  <thead>\n    <tr style=\"text-align: right;\">\n      <th></th>\n      <th>#</th>\n      <th>HP</th>\n      <th>Attack</th>\n      <th>Defense</th>\n      <th>Sp. Atk</th>\n      <th>Sp. Def</th>\n      <th>Speed</th>\n      <th>Generation</th>\n      <th>Legendary</th>\n    </tr>\n    <tr>\n      <th>Type 1</th>\n      <th></th>\n      <th></th>\n      <th></th>\n      <th></th>\n      <th></th>\n      <th></th>\n      <th></th>\n      <th></th>\n      <th></th>\n    </tr>\n  </thead>\n  <tbody>\n    <tr>\n      <th>Bug</th>\n      <td>334.492754</td>\n      <td>56.884058</td>\n      <td>70.971014</td>\n      <td>70.724638</td>\n      <td>53.869565</td>\n      <td>64.797101</td>\n      <td>61.681159</td>\n      <td>3.217391</td>\n      <td>0.000000</td>\n    </tr>\n    <tr>\n      <th>Dark</th>\n      <td>461.354839</td>\n      <td>66.806452</td>\n      <td>88.387097</td>\n      <td>70.225806</td>\n      <td>74.645161</td>\n      <td>69.516129</td>\n      <td>76.161290</td>\n      <td>4.032258</td>\n      <td>0.064516</td>\n    </tr>\n    <tr>\n      <th>Dragon</th>\n      <td>474.375000</td>\n      <td>83.312500</td>\n      <td>112.125000</td>\n      <td>86.375000</td>\n      <td>96.843750</td>\n      <td>88.843750</td>\n      <td>83.031250</td>\n      <td>3.875000</td>\n      <td>0.375000</td>\n    </tr>\n    <tr>\n      <th>Electric</th>\n      <td>363.500000</td>\n      <td>59.795455</td>\n      <td>69.090909</td>\n      <td>66.295455</td>\n      <td>90.022727</td>\n      <td>73.704545</td>\n      <td>84.500000</td>\n      <td>3.272727</td>\n      <td>0.090909</td>\n    </tr>\n    <tr>\n      <th>Fairy</th>\n      <td>449.529412</td>\n      <td>74.117647</td>\n      <td>61.529412</td>\n      <td>65.705882</td>\n      <td>78.529412</td>\n      <td>84.705882</td>\n      <td>48.588235</td>\n      <td>4.117647</td>\n      <td>0.058824</td>\n    </tr>\n    <tr>\n      <th>Fighting</th>\n      <td>363.851852</td>\n      <td>69.851852</td>\n      <td>96.777778</td>\n      <td>65.925926</td>\n      <td>53.111111</td>\n      <td>64.703704</td>\n      <td>66.074074</td>\n      <td>3.370370</td>\n      <td>0.000000</td>\n    </tr>\n    <tr>\n      <th>Fire</th>\n      <td>327.403846</td>\n      <td>69.903846</td>\n      <td>84.769231</td>\n      <td>67.769231</td>\n      <td>88.980769</td>\n      <td>72.211538</td>\n      <td>74.442308</td>\n      <td>3.211538</td>\n      <td>0.096154</td>\n    </tr>\n    <tr>\n      <th>Flying</th>\n      <td>677.750000</td>\n      <td>70.750000</td>\n      <td>78.750000</td>\n      <td>66.250000</td>\n      <td>94.250000</td>\n      <td>72.500000</td>\n      <td>102.500000</td>\n      <td>5.500000</td>\n      <td>0.500000</td>\n    </tr>\n    <tr>\n      <th>Ghost</th>\n      <td>486.500000</td>\n      <td>64.437500</td>\n      <td>73.781250</td>\n      <td>81.187500</td>\n      <td>79.343750</td>\n      <td>76.468750</td>\n      <td>64.343750</td>\n      <td>4.187500</td>\n      <td>0.062500</td>\n    </tr>\n    <tr>\n      <th>Grass</th>\n      <td>344.871429</td>\n      <td>67.271429</td>\n      <td>73.214286</td>\n      <td>70.800000</td>\n      <td>77.500000</td>\n      <td>70.428571</td>\n      <td>61.928571</td>\n      <td>3.357143</td>\n      <td>0.042857</td>\n    </tr>\n    <tr>\n      <th>Ground</th>\n      <td>356.281250</td>\n      <td>73.781250</td>\n      <td>95.750000</td>\n      <td>84.843750</td>\n      <td>56.468750</td>\n      <td>62.750000</td>\n      <td>63.906250</td>\n      <td>3.156250</td>\n      <td>0.125000</td>\n    </tr>\n    <tr>\n      <th>Ice</th>\n      <td>423.541667</td>\n      <td>72.000000</td>\n      <td>72.750000</td>\n      <td>71.416667</td>\n      <td>77.541667</td>\n      <td>76.291667</td>\n      <td>63.458333</td>\n      <td>3.541667</td>\n      <td>0.083333</td>\n    </tr>\n    <tr>\n      <th>Normal</th>\n      <td>319.173469</td>\n      <td>77.275510</td>\n      <td>73.469388</td>\n      <td>59.846939</td>\n      <td>55.816327</td>\n      <td>63.724490</td>\n      <td>71.551020</td>\n      <td>3.051020</td>\n      <td>0.020408</td>\n    </tr>\n    <tr>\n      <th>Poison</th>\n      <td>251.785714</td>\n      <td>67.250000</td>\n      <td>74.678571</td>\n      <td>68.821429</td>\n      <td>60.428571</td>\n      <td>64.392857</td>\n      <td>63.571429</td>\n      <td>2.535714</td>\n      <td>0.000000</td>\n    </tr>\n    <tr>\n      <th>Psychic</th>\n      <td>380.807018</td>\n      <td>70.631579</td>\n      <td>71.456140</td>\n      <td>67.684211</td>\n      <td>98.403509</td>\n      <td>86.280702</td>\n      <td>81.491228</td>\n      <td>3.385965</td>\n      <td>0.245614</td>\n    </tr>\n    <tr>\n      <th>Rock</th>\n      <td>392.727273</td>\n      <td>65.363636</td>\n      <td>92.863636</td>\n      <td>100.795455</td>\n      <td>63.340909</td>\n      <td>75.477273</td>\n      <td>55.909091</td>\n      <td>3.454545</td>\n      <td>0.090909</td>\n    </tr>\n    <tr>\n      <th>Steel</th>\n      <td>442.851852</td>\n      <td>65.222222</td>\n      <td>92.703704</td>\n      <td>126.370370</td>\n      <td>67.518519</td>\n      <td>80.629630</td>\n      <td>55.259259</td>\n      <td>3.851852</td>\n      <td>0.148148</td>\n    </tr>\n    <tr>\n      <th>Water</th>\n      <td>303.089286</td>\n      <td>72.062500</td>\n      <td>74.151786</td>\n      <td>72.946429</td>\n      <td>74.812500</td>\n      <td>70.517857</td>\n      <td>65.964286</td>\n      <td>2.857143</td>\n      <td>0.035714</td>\n    </tr>\n  </tbody>\n</table>\n</div>"
     },
     "metadata": {},
     "execution_count": 4
    }
   ],
   "source": [
    "df.groupby(['Type 1']).mean()"
   ]
  },
  {
   "cell_type": "code",
   "execution_count": 5,
   "metadata": {},
   "outputs": [
    {
     "output_type": "execute_result",
     "data": {
      "text/plain": [
       "                   #         HP      Attack     Defense    Sp. Atk    Sp. Def  \\\n",
       "Type 1                                                                          \n",
       "Steel     442.851852  65.222222   92.703704  126.370370  67.518519  80.629630   \n",
       "Rock      392.727273  65.363636   92.863636  100.795455  63.340909  75.477273   \n",
       "Dragon    474.375000  83.312500  112.125000   86.375000  96.843750  88.843750   \n",
       "Ground    356.281250  73.781250   95.750000   84.843750  56.468750  62.750000   \n",
       "Ghost     486.500000  64.437500   73.781250   81.187500  79.343750  76.468750   \n",
       "Water     303.089286  72.062500   74.151786   72.946429  74.812500  70.517857   \n",
       "Ice       423.541667  72.000000   72.750000   71.416667  77.541667  76.291667   \n",
       "Grass     344.871429  67.271429   73.214286   70.800000  77.500000  70.428571   \n",
       "Bug       334.492754  56.884058   70.971014   70.724638  53.869565  64.797101   \n",
       "Dark      461.354839  66.806452   88.387097   70.225806  74.645161  69.516129   \n",
       "Poison    251.785714  67.250000   74.678571   68.821429  60.428571  64.392857   \n",
       "Fire      327.403846  69.903846   84.769231   67.769231  88.980769  72.211538   \n",
       "Psychic   380.807018  70.631579   71.456140   67.684211  98.403509  86.280702   \n",
       "Electric  363.500000  59.795455   69.090909   66.295455  90.022727  73.704545   \n",
       "Flying    677.750000  70.750000   78.750000   66.250000  94.250000  72.500000   \n",
       "Fighting  363.851852  69.851852   96.777778   65.925926  53.111111  64.703704   \n",
       "Fairy     449.529412  74.117647   61.529412   65.705882  78.529412  84.705882   \n",
       "Normal    319.173469  77.275510   73.469388   59.846939  55.816327  63.724490   \n",
       "\n",
       "               Speed  Generation  Legendary  \n",
       "Type 1                                       \n",
       "Steel      55.259259    3.851852   0.148148  \n",
       "Rock       55.909091    3.454545   0.090909  \n",
       "Dragon     83.031250    3.875000   0.375000  \n",
       "Ground     63.906250    3.156250   0.125000  \n",
       "Ghost      64.343750    4.187500   0.062500  \n",
       "Water      65.964286    2.857143   0.035714  \n",
       "Ice        63.458333    3.541667   0.083333  \n",
       "Grass      61.928571    3.357143   0.042857  \n",
       "Bug        61.681159    3.217391   0.000000  \n",
       "Dark       76.161290    4.032258   0.064516  \n",
       "Poison     63.571429    2.535714   0.000000  \n",
       "Fire       74.442308    3.211538   0.096154  \n",
       "Psychic    81.491228    3.385965   0.245614  \n",
       "Electric   84.500000    3.272727   0.090909  \n",
       "Flying    102.500000    5.500000   0.500000  \n",
       "Fighting   66.074074    3.370370   0.000000  \n",
       "Fairy      48.588235    4.117647   0.058824  \n",
       "Normal     71.551020    3.051020   0.020408  "
      ],
      "text/html": "<div>\n<style scoped>\n    .dataframe tbody tr th:only-of-type {\n        vertical-align: middle;\n    }\n\n    .dataframe tbody tr th {\n        vertical-align: top;\n    }\n\n    .dataframe thead th {\n        text-align: right;\n    }\n</style>\n<table border=\"1\" class=\"dataframe\">\n  <thead>\n    <tr style=\"text-align: right;\">\n      <th></th>\n      <th>#</th>\n      <th>HP</th>\n      <th>Attack</th>\n      <th>Defense</th>\n      <th>Sp. Atk</th>\n      <th>Sp. Def</th>\n      <th>Speed</th>\n      <th>Generation</th>\n      <th>Legendary</th>\n    </tr>\n    <tr>\n      <th>Type 1</th>\n      <th></th>\n      <th></th>\n      <th></th>\n      <th></th>\n      <th></th>\n      <th></th>\n      <th></th>\n      <th></th>\n      <th></th>\n    </tr>\n  </thead>\n  <tbody>\n    <tr>\n      <th>Steel</th>\n      <td>442.851852</td>\n      <td>65.222222</td>\n      <td>92.703704</td>\n      <td>126.370370</td>\n      <td>67.518519</td>\n      <td>80.629630</td>\n      <td>55.259259</td>\n      <td>3.851852</td>\n      <td>0.148148</td>\n    </tr>\n    <tr>\n      <th>Rock</th>\n      <td>392.727273</td>\n      <td>65.363636</td>\n      <td>92.863636</td>\n      <td>100.795455</td>\n      <td>63.340909</td>\n      <td>75.477273</td>\n      <td>55.909091</td>\n      <td>3.454545</td>\n      <td>0.090909</td>\n    </tr>\n    <tr>\n      <th>Dragon</th>\n      <td>474.375000</td>\n      <td>83.312500</td>\n      <td>112.125000</td>\n      <td>86.375000</td>\n      <td>96.843750</td>\n      <td>88.843750</td>\n      <td>83.031250</td>\n      <td>3.875000</td>\n      <td>0.375000</td>\n    </tr>\n    <tr>\n      <th>Ground</th>\n      <td>356.281250</td>\n      <td>73.781250</td>\n      <td>95.750000</td>\n      <td>84.843750</td>\n      <td>56.468750</td>\n      <td>62.750000</td>\n      <td>63.906250</td>\n      <td>3.156250</td>\n      <td>0.125000</td>\n    </tr>\n    <tr>\n      <th>Ghost</th>\n      <td>486.500000</td>\n      <td>64.437500</td>\n      <td>73.781250</td>\n      <td>81.187500</td>\n      <td>79.343750</td>\n      <td>76.468750</td>\n      <td>64.343750</td>\n      <td>4.187500</td>\n      <td>0.062500</td>\n    </tr>\n    <tr>\n      <th>Water</th>\n      <td>303.089286</td>\n      <td>72.062500</td>\n      <td>74.151786</td>\n      <td>72.946429</td>\n      <td>74.812500</td>\n      <td>70.517857</td>\n      <td>65.964286</td>\n      <td>2.857143</td>\n      <td>0.035714</td>\n    </tr>\n    <tr>\n      <th>Ice</th>\n      <td>423.541667</td>\n      <td>72.000000</td>\n      <td>72.750000</td>\n      <td>71.416667</td>\n      <td>77.541667</td>\n      <td>76.291667</td>\n      <td>63.458333</td>\n      <td>3.541667</td>\n      <td>0.083333</td>\n    </tr>\n    <tr>\n      <th>Grass</th>\n      <td>344.871429</td>\n      <td>67.271429</td>\n      <td>73.214286</td>\n      <td>70.800000</td>\n      <td>77.500000</td>\n      <td>70.428571</td>\n      <td>61.928571</td>\n      <td>3.357143</td>\n      <td>0.042857</td>\n    </tr>\n    <tr>\n      <th>Bug</th>\n      <td>334.492754</td>\n      <td>56.884058</td>\n      <td>70.971014</td>\n      <td>70.724638</td>\n      <td>53.869565</td>\n      <td>64.797101</td>\n      <td>61.681159</td>\n      <td>3.217391</td>\n      <td>0.000000</td>\n    </tr>\n    <tr>\n      <th>Dark</th>\n      <td>461.354839</td>\n      <td>66.806452</td>\n      <td>88.387097</td>\n      <td>70.225806</td>\n      <td>74.645161</td>\n      <td>69.516129</td>\n      <td>76.161290</td>\n      <td>4.032258</td>\n      <td>0.064516</td>\n    </tr>\n    <tr>\n      <th>Poison</th>\n      <td>251.785714</td>\n      <td>67.250000</td>\n      <td>74.678571</td>\n      <td>68.821429</td>\n      <td>60.428571</td>\n      <td>64.392857</td>\n      <td>63.571429</td>\n      <td>2.535714</td>\n      <td>0.000000</td>\n    </tr>\n    <tr>\n      <th>Fire</th>\n      <td>327.403846</td>\n      <td>69.903846</td>\n      <td>84.769231</td>\n      <td>67.769231</td>\n      <td>88.980769</td>\n      <td>72.211538</td>\n      <td>74.442308</td>\n      <td>3.211538</td>\n      <td>0.096154</td>\n    </tr>\n    <tr>\n      <th>Psychic</th>\n      <td>380.807018</td>\n      <td>70.631579</td>\n      <td>71.456140</td>\n      <td>67.684211</td>\n      <td>98.403509</td>\n      <td>86.280702</td>\n      <td>81.491228</td>\n      <td>3.385965</td>\n      <td>0.245614</td>\n    </tr>\n    <tr>\n      <th>Electric</th>\n      <td>363.500000</td>\n      <td>59.795455</td>\n      <td>69.090909</td>\n      <td>66.295455</td>\n      <td>90.022727</td>\n      <td>73.704545</td>\n      <td>84.500000</td>\n      <td>3.272727</td>\n      <td>0.090909</td>\n    </tr>\n    <tr>\n      <th>Flying</th>\n      <td>677.750000</td>\n      <td>70.750000</td>\n      <td>78.750000</td>\n      <td>66.250000</td>\n      <td>94.250000</td>\n      <td>72.500000</td>\n      <td>102.500000</td>\n      <td>5.500000</td>\n      <td>0.500000</td>\n    </tr>\n    <tr>\n      <th>Fighting</th>\n      <td>363.851852</td>\n      <td>69.851852</td>\n      <td>96.777778</td>\n      <td>65.925926</td>\n      <td>53.111111</td>\n      <td>64.703704</td>\n      <td>66.074074</td>\n      <td>3.370370</td>\n      <td>0.000000</td>\n    </tr>\n    <tr>\n      <th>Fairy</th>\n      <td>449.529412</td>\n      <td>74.117647</td>\n      <td>61.529412</td>\n      <td>65.705882</td>\n      <td>78.529412</td>\n      <td>84.705882</td>\n      <td>48.588235</td>\n      <td>4.117647</td>\n      <td>0.058824</td>\n    </tr>\n    <tr>\n      <th>Normal</th>\n      <td>319.173469</td>\n      <td>77.275510</td>\n      <td>73.469388</td>\n      <td>59.846939</td>\n      <td>55.816327</td>\n      <td>63.724490</td>\n      <td>71.551020</td>\n      <td>3.051020</td>\n      <td>0.020408</td>\n    </tr>\n  </tbody>\n</table>\n</div>"
     },
     "metadata": {},
     "execution_count": 5
    }
   ],
   "source": [
    "df.groupby(['Type 1']).mean().sort_values('Defense', ascending=False)"
   ]
  },
  {
   "cell_type": "code",
   "execution_count": 6,
   "metadata": {},
   "outputs": [
    {
     "output_type": "execute_result",
     "data": {
      "text/plain": [
       "              #    HP  Attack  Defense  Sp. Atk  Sp. Def  Speed  Generation  \\\n",
       "Type 1                                                                        \n",
       "Bug       23080  3925    4897     4880     3717     4471   4256         222   \n",
       "Dark      14302  2071    2740     2177     2314     2155   2361         125   \n",
       "Dragon    15180  2666    3588     2764     3099     2843   2657         124   \n",
       "Electric  15994  2631    3040     2917     3961     3243   3718         144   \n",
       "Fairy      7642  1260    1046     1117     1335     1440    826          70   \n",
       "Fighting   9824  1886    2613     1780     1434     1747   1784          91   \n",
       "Fire      17025  3635    4408     3524     4627     3755   3871         167   \n",
       "Flying     2711   283     315      265      377      290    410          22   \n",
       "Ghost     15568  2062    2361     2598     2539     2447   2059         134   \n",
       "Grass     24141  4709    5125     4956     5425     4930   4335         235   \n",
       "Ground    11401  2361    3064     2715     1807     2008   2045         101   \n",
       "Ice       10165  1728    1746     1714     1861     1831   1523          85   \n",
       "Normal    31279  7573    7200     5865     5470     6245   7012         299   \n",
       "Poison     7050  1883    2091     1927     1692     1803   1780          71   \n",
       "Psychic   21706  4026    4073     3858     5609     4918   4645         193   \n",
       "Rock      17280  2876    4086     4435     2787     3321   2460         152   \n",
       "Steel     11957  1761    2503     3412     1823     2177   1492         104   \n",
       "Water     33946  8071    8305     8170     8379     7898   7388         320   \n",
       "\n",
       "          Legendary  \n",
       "Type 1               \n",
       "Bug               0  \n",
       "Dark              2  \n",
       "Dragon           12  \n",
       "Electric          4  \n",
       "Fairy             1  \n",
       "Fighting          0  \n",
       "Fire              5  \n",
       "Flying            2  \n",
       "Ghost             2  \n",
       "Grass             3  \n",
       "Ground            4  \n",
       "Ice               2  \n",
       "Normal            2  \n",
       "Poison            0  \n",
       "Psychic          14  \n",
       "Rock              4  \n",
       "Steel             4  \n",
       "Water             4  "
      ],
      "text/html": "<div>\n<style scoped>\n    .dataframe tbody tr th:only-of-type {\n        vertical-align: middle;\n    }\n\n    .dataframe tbody tr th {\n        vertical-align: top;\n    }\n\n    .dataframe thead th {\n        text-align: right;\n    }\n</style>\n<table border=\"1\" class=\"dataframe\">\n  <thead>\n    <tr style=\"text-align: right;\">\n      <th></th>\n      <th>#</th>\n      <th>HP</th>\n      <th>Attack</th>\n      <th>Defense</th>\n      <th>Sp. Atk</th>\n      <th>Sp. Def</th>\n      <th>Speed</th>\n      <th>Generation</th>\n      <th>Legendary</th>\n    </tr>\n    <tr>\n      <th>Type 1</th>\n      <th></th>\n      <th></th>\n      <th></th>\n      <th></th>\n      <th></th>\n      <th></th>\n      <th></th>\n      <th></th>\n      <th></th>\n    </tr>\n  </thead>\n  <tbody>\n    <tr>\n      <th>Bug</th>\n      <td>23080</td>\n      <td>3925</td>\n      <td>4897</td>\n      <td>4880</td>\n      <td>3717</td>\n      <td>4471</td>\n      <td>4256</td>\n      <td>222</td>\n      <td>0</td>\n    </tr>\n    <tr>\n      <th>Dark</th>\n      <td>14302</td>\n      <td>2071</td>\n      <td>2740</td>\n      <td>2177</td>\n      <td>2314</td>\n      <td>2155</td>\n      <td>2361</td>\n      <td>125</td>\n      <td>2</td>\n    </tr>\n    <tr>\n      <th>Dragon</th>\n      <td>15180</td>\n      <td>2666</td>\n      <td>3588</td>\n      <td>2764</td>\n      <td>3099</td>\n      <td>2843</td>\n      <td>2657</td>\n      <td>124</td>\n      <td>12</td>\n    </tr>\n    <tr>\n      <th>Electric</th>\n      <td>15994</td>\n      <td>2631</td>\n      <td>3040</td>\n      <td>2917</td>\n      <td>3961</td>\n      <td>3243</td>\n      <td>3718</td>\n      <td>144</td>\n      <td>4</td>\n    </tr>\n    <tr>\n      <th>Fairy</th>\n      <td>7642</td>\n      <td>1260</td>\n      <td>1046</td>\n      <td>1117</td>\n      <td>1335</td>\n      <td>1440</td>\n      <td>826</td>\n      <td>70</td>\n      <td>1</td>\n    </tr>\n    <tr>\n      <th>Fighting</th>\n      <td>9824</td>\n      <td>1886</td>\n      <td>2613</td>\n      <td>1780</td>\n      <td>1434</td>\n      <td>1747</td>\n      <td>1784</td>\n      <td>91</td>\n      <td>0</td>\n    </tr>\n    <tr>\n      <th>Fire</th>\n      <td>17025</td>\n      <td>3635</td>\n      <td>4408</td>\n      <td>3524</td>\n      <td>4627</td>\n      <td>3755</td>\n      <td>3871</td>\n      <td>167</td>\n      <td>5</td>\n    </tr>\n    <tr>\n      <th>Flying</th>\n      <td>2711</td>\n      <td>283</td>\n      <td>315</td>\n      <td>265</td>\n      <td>377</td>\n      <td>290</td>\n      <td>410</td>\n      <td>22</td>\n      <td>2</td>\n    </tr>\n    <tr>\n      <th>Ghost</th>\n      <td>15568</td>\n      <td>2062</td>\n      <td>2361</td>\n      <td>2598</td>\n      <td>2539</td>\n      <td>2447</td>\n      <td>2059</td>\n      <td>134</td>\n      <td>2</td>\n    </tr>\n    <tr>\n      <th>Grass</th>\n      <td>24141</td>\n      <td>4709</td>\n      <td>5125</td>\n      <td>4956</td>\n      <td>5425</td>\n      <td>4930</td>\n      <td>4335</td>\n      <td>235</td>\n      <td>3</td>\n    </tr>\n    <tr>\n      <th>Ground</th>\n      <td>11401</td>\n      <td>2361</td>\n      <td>3064</td>\n      <td>2715</td>\n      <td>1807</td>\n      <td>2008</td>\n      <td>2045</td>\n      <td>101</td>\n      <td>4</td>\n    </tr>\n    <tr>\n      <th>Ice</th>\n      <td>10165</td>\n      <td>1728</td>\n      <td>1746</td>\n      <td>1714</td>\n      <td>1861</td>\n      <td>1831</td>\n      <td>1523</td>\n      <td>85</td>\n      <td>2</td>\n    </tr>\n    <tr>\n      <th>Normal</th>\n      <td>31279</td>\n      <td>7573</td>\n      <td>7200</td>\n      <td>5865</td>\n      <td>5470</td>\n      <td>6245</td>\n      <td>7012</td>\n      <td>299</td>\n      <td>2</td>\n    </tr>\n    <tr>\n      <th>Poison</th>\n      <td>7050</td>\n      <td>1883</td>\n      <td>2091</td>\n      <td>1927</td>\n      <td>1692</td>\n      <td>1803</td>\n      <td>1780</td>\n      <td>71</td>\n      <td>0</td>\n    </tr>\n    <tr>\n      <th>Psychic</th>\n      <td>21706</td>\n      <td>4026</td>\n      <td>4073</td>\n      <td>3858</td>\n      <td>5609</td>\n      <td>4918</td>\n      <td>4645</td>\n      <td>193</td>\n      <td>14</td>\n    </tr>\n    <tr>\n      <th>Rock</th>\n      <td>17280</td>\n      <td>2876</td>\n      <td>4086</td>\n      <td>4435</td>\n      <td>2787</td>\n      <td>3321</td>\n      <td>2460</td>\n      <td>152</td>\n      <td>4</td>\n    </tr>\n    <tr>\n      <th>Steel</th>\n      <td>11957</td>\n      <td>1761</td>\n      <td>2503</td>\n      <td>3412</td>\n      <td>1823</td>\n      <td>2177</td>\n      <td>1492</td>\n      <td>104</td>\n      <td>4</td>\n    </tr>\n    <tr>\n      <th>Water</th>\n      <td>33946</td>\n      <td>8071</td>\n      <td>8305</td>\n      <td>8170</td>\n      <td>8379</td>\n      <td>7898</td>\n      <td>7388</td>\n      <td>320</td>\n      <td>4</td>\n    </tr>\n  </tbody>\n</table>\n</div>"
     },
     "metadata": {},
     "execution_count": 6
    }
   ],
   "source": [
    "df.groupby(['Type 1']).sum()"
   ]
  },
  {
   "cell_type": "code",
   "execution_count": 7,
   "metadata": {},
   "outputs": [
    {
     "output_type": "execute_result",
     "data": {
      "text/plain": [
       "            #  Name  Type 2   HP  Attack  Defense  Sp. Atk  Sp. Def  Speed  \\\n",
       "Type 1                                                                       \n",
       "Bug        69    69      52   69      69       69       69       69     69   \n",
       "Dark       31    31      21   31      31       31       31       31     31   \n",
       "Dragon     32    32      21   32      32       32       32       32     32   \n",
       "Electric   44    44      17   44      44       44       44       44     44   \n",
       "Fairy      17    17       2   17      17       17       17       17     17   \n",
       "Fighting   27    27       7   27      27       27       27       27     27   \n",
       "Fire       52    52      24   52      52       52       52       52     52   \n",
       "Flying      4     4       2    4       4        4        4        4      4   \n",
       "Ghost      32    32      22   32      32       32       32       32     32   \n",
       "Grass      70    70      37   70      70       70       70       70     70   \n",
       "Ground     32    32      19   32      32       32       32       32     32   \n",
       "Ice        24    24      11   24      24       24       24       24     24   \n",
       "Normal     98    98      37   98      98       98       98       98     98   \n",
       "Poison     28    28      13   28      28       28       28       28     28   \n",
       "Psychic    57    57      19   57      57       57       57       57     57   \n",
       "Rock       44    44      35   44      44       44       44       44     44   \n",
       "Steel      27    27      22   27      27       27       27       27     27   \n",
       "Water     112   112      53  112     112      112      112      112    112   \n",
       "\n",
       "          Generation  Legendary  \n",
       "Type 1                           \n",
       "Bug               69         69  \n",
       "Dark              31         31  \n",
       "Dragon            32         32  \n",
       "Electric          44         44  \n",
       "Fairy             17         17  \n",
       "Fighting          27         27  \n",
       "Fire              52         52  \n",
       "Flying             4          4  \n",
       "Ghost             32         32  \n",
       "Grass             70         70  \n",
       "Ground            32         32  \n",
       "Ice               24         24  \n",
       "Normal            98         98  \n",
       "Poison            28         28  \n",
       "Psychic           57         57  \n",
       "Rock              44         44  \n",
       "Steel             27         27  \n",
       "Water            112        112  "
      ],
